cost = [32.0 41.0 46.0 85.0 193.0 353.0];